4516, 624HH
7241, 47861
11938, 62454
13014, 62433
15946, 62427
19133, 47865
20026, 47882
20883, 47838
21084, 62478
21385, 47561
21545, 47849
24426, 62413
24976, 62449
25200, 62477
27957, 47879
30120, 62439
30473, 47535
31380, 47848
31723, 47516
32313, 47850
33470, 47855
34066, 62480
34582, 62417
36280, 47512
36801, 62459
36874, 62466
37183, 47596
37200, 47528
37567, 62481
38433, 47441
38511, 47445
38583, 47578
38599, 47591
39504, 47438
40717, 62421
41188, 47866
41367, 62475
41705, 62442
42638, 47858
43853, 62441
44644, 47443
45744, 62460
46058, 62425
46618, 62420
46702, 47802
47389, 47568
47683, 47597
48307, 47529
48730, 62432
48886, 47465
